762
4734
1995
274
4243
4020
844
1322
4192
420
3583
63
1332
4121
2517
4973
4870
3461
1237
11
4165
2672
4767
3096
5043
3950
693
277
1178
2466
737
3266
3726
84
2377
2456
1890
3640
3503
3391
2574
4699
3135
223
2198
1891
5010
1245
180
536
2915
2920
1563
3925
2976
1671
1115
2559
212
1406
3222
3390
2348
4069
2289
3898
4340
1175
3172
2065
3156
2350
101
530
4984
684
470
3029
4359
4302
5234
675
1749
3219
4941
4342
1603
273
2069
1997
4355
2309
4635
1624
805
299
4954
5214
10
694
4050
4003
2955
153
5082
5041
2945
2952
782
1137
4896
3374
521
3279
633
3202
2464
794
2600
4584
4237
425
123
1932
3617
3690
1028
2853
1796
3352
4599
4761
3505
5035
2533
4514
2400
2753
2284
3495
1019
4573
4751
644
995
1443
154
4881
523
2962
894
3067
4063
2076
1345
4606
4880
1881
4464
1285
115
2019
3297
3834
1640
4722
1872
1479
42
294
1647
4544
3183
503
2904
1467
3277
422
4450
385
322
4442
2266
4577
4581
4757
3499
2359
5222
2426
4137
2531
3882
4776
4937
3261
2049
2128
2478
419
2142
2781
3477
440
2913
4506
1846
3797
4329
3845
4126
4541
2910
1046
1015
669
3985
3750
1466
773
4855
2988
4777
3089
3607
2717
4935
5229
4956
1476
110
2532
1424
148
4868
777
1391
4967
1301
1792
4566
2787
582
2409
2729
4515
2981
1974
361
2990
4872
1437
3174
1664
2405
3630
2132
5184
2627
3103
1942
4102
3939
932
2859
2654
4390
359
5026
386
4163
122
5154
1790
772
1951
1473
1843
1218
3564
1492
1023
3200
3270
2101
4890
964
4259
3586
4569
1274
1643
3671
1821
5151
1073
3100
3683
1977
1383
1510
4148
1370
1745
2550
1594
335
4443
392
331
1273
3574
1167
3493
1999
605
4404
1309
869
4538
3571
1253
4505
3686
2227
4325
4833
3095
76
2057
4261
3459
3358
2402
4035
377
750
4016
3714
48
3464
4718
866
2242
3475
4975
50
3409
4760
4191
3098
4090
1426
1440
3302
1230
1457
1839
3298
1432
33
621
4690
1517
4575
2773
5145
5097
2482
515
556
61
2295
3101
1780
673
3590
3209
4820
463
861
4449
1146
1768
4071
1554
3932
4467
465
5252
1472
1882
167
4036
1390
1642
4794
2353
4184
4400
699
3993
229
1957
471
3916
3206
27
960
141
1752
4671
4801
1861
4079
1547
235
713
1188
1520
160
2671
1292
1793
1818
4265
2635
1475
2730
1327
2043
4989
742
524
2276
1610
2929
4189
4823
4933
811
323
4497
1935
325
3875
4140
2233
3519
1827
2477
3980
3123
3438
736
4153
4753
4228
2632
2978
1980
841
4737
2373
1103
3501
4114
2406
3758
3593
2739
748
5029
5113
2858
3713
2110
4597
4628
569
5149
4174
2283
847
1280
1736
3032
275
3704
745
99
1850
2832
80
3248
3016
3487
557
1715
202
