298
4152
1206
226
3348
2974
5248
1076
3689
277
3112
37
1041
3632
2071
4489
4320
3002
954
6
3625
2206
4218
2573
4471
3384
445
154
902
2005
477
2670
3105
51
1929
1976
1452
3017
2912
2756
2051
3899
2503
124
1721
1441
4225
919
92
317
2292
5041
1130
3633
2619
1481
969
2270
148
1251
2831
3055
2068
3765
2039
3559
4005
1028
2770
1820
2755
2060
73
451
4775
568
399
5242
3987
3924
1014
560
1533
2771
4652
3936
1389
198
1805
1727
3933
2022
4180
1403
683
222
4600
125
3
566
3602
3551
2515
108
4720
4676
2500
2505
643
936
4423
2858
429
2759
521
2677
2085
655
2202
4048
3726
336
86
1624
3110
3177
847
2407
1510
2773
4021
4144
2928
4506
2099
3926
4952
2284
1902
2913
831
3949
4102
511
811
1178
106
4199
409
2433
834
3011
4186
1964
1227
4734
5003
1691
4580
1183
82
1884
3201
3866
1455
4807
1670
1306
36
251
5175
4602
3053
489
2745
1293
3125
406
4455
356
261
4424
2081
4590
5066
4747
3330
2172
2384
2235
4094
2332
3759
5231
4891
5131
1814
1935
2297
395
1938
2578
3249
407
2682
4380
1586
3562
4221
3607
3988
4386
2657
923
903
639
3762
3503
1234
690
4673
2693
4599
2796
3293
2419
4732
67
4738
1233
78
5038
1219
95
5100
775
1447
5190
1364
1809
4815
2856
580
2471
2809
4725
3049
1959
345
5187
5033
1485
3212
1667
2430
3747
2114
4577
2679
3098
1871
4266
4093
886
5213
2680
4565
330
1411
362
4295
81
753
1736
744
1853
1467
1781
1254
3531
1486
970
3100
3196
2015
4849
888
4298
3497
4594
1265
1571
3600
1724
3289
999
2964
3568
1838
1348
1454
4119
1340
1650
2413
1769
364
4755
446
359
1347
3825
1242
3697
2188
680
4658
1375
942
4766
3768
1298
4722
3869
2375
4515
5007
3259
63
2215
4457
3574
3456
2565
4226
398
788
4202
3822
46
3530
4780
883
2337
3523
4358
4996
3422
4779
4273
3157
4162
1445
1459
3316
1229
1462
1909
3296
1443
29
661
5012
1640
4851
2993
725
5234
2627
501
517
150
2435
3264
1864
627
3843
3368
5026
465
757
4667
1083
1802
4232
1615
4111
4650
462
3775
1484
1907
293
4161
1349
1686
4833
2404
4248
4441
5111
4082
324
1921
5001
4000
3224
119
776
259
1753
4660
4750
5045
4848
2139
367
1061
1692
2088
276
3255
1770
2287
2296
4617
3184
1979
3258
1791
2467
2272
5167
829
2811
5251
3406
4488
4966
2460
1109
514
4657
2352
4936
4155
4402
2595
3784
2233
2895
4182
3480
3702
1040
4718
5237
4763
3492
3780
3006
1715
5118
3308
1978
4103
4485
3285
4293
4106
5245
1523
760
3630
3547
4116
5188
4773
4776
1654
4222
4990
3638
2095
2694
3278
3998
1048
4422
1892
575
3279
4520
826
4804
4716
4846
1513
3464
1126
